0.419087 0.64737 1 1.24504 0 0 0 0 0 0 0 101
0.0556348 0.23587 2 -1.8534 0.83888 0 0 0 0 0 118 0
0.04078 0.201941 2 0.0799527 0 0.0237055 0 0 0 0 188 0
0.0365752 0.191247 3 -0.60548 0.284703 0.016256 0 0 0 0 331 0
0.0332731 0.182409 3 -0.360944 0 0.0817031 -0.012109 0 0 0 257 0
0.0279794 0.167271 4 1.24774 -1.27574 0.307497 -0.052282 0 0 0 507 0
0.0305898 0.174899 3 -0.218026 0 0.0404619 0 -0.000170484 0 0 325 0
0.0272312 0.165019 4 0.426909 0 -0.109441 0.0414407 -0.000664775 0 0 547 0
0.0275135 0.165872 5 0.384115 0.0600182 -0.128042 0.0455661 -0.000692526 0 0 1281 0
0.027375 0.165454 4 0.0404807 0 0.0143914 0 0.000463936 -4.29753e-006 0 770 0
0.0274503 0.165681 5 0.460651 -0.302633 0.0449785 0 6.28758e-005 -2.31361e-006 0 1335 0
0.0274873 0.165793 5 0.325178 0 -0.0757647 0.0300056 -0.000341293 -1.26733e-006 0 1087 0
0.0276928 0.166411 6 0.668115 -0.881968 0.292943 -0.0630808 0.00099053 -4.9019e-006 0 933 0
0.028024 0.167404 5 -0.101352 0 0.0301282 0 -7.24278e-005 2.84771e-006 -3.26179e-008 558 0
0.0281454 0.167766 6 -0.118654 0 0.0660749 -0.0187732 0.00120461 -1.02006e-005 2.15908e-008 858 0
0.0278145 0.166777 7 1.11292 -1.38178 0.392618 -0.070894 -0.000519255 1.37065e-005 -8.14858e-008 2100 0
